list(seed = 123456, parallel_chains=4)